n 4
b 1.4 0.0 2.4
b 1.4 -0.784 2.4
b 0.784 -1.4 2.4
b 0.0 -1.4 2.4
b 1.3375 0.0 2.53125
b 1.3375 -0.749 2.53125
b 0.749 -1.3375 2.53125
b 0.0 -1.3375 2.53125
b 1.4375 0.0 2.53125
b 1.4375 -0.805 2.53125
b 0.805 -1.4375 2.53125
b 0.0 -1.4375 2.53125
b 1.5 0.0 2.4
b 1.5 -0.84 2.4
b 0.84 -1.5 2.4
b 0.0 -1.5 2.4
b 0.0 -1.4 2.4
b -0.784 -1.4 2.4
b -1.4 -0.784 2.4
b -1.4 0.0 2.4
b 0.0 -1.3375 2.53125
b -0.749 -1.3375 2.53125
b -1.3375 -0.749 2.53125
b -1.3375 0.0 2.53125
b 0.0 -1.4375 2.53125
b -0.805 -1.4375 2.53125
b -1.4375 -0.805 2.53125
b -1.4375 0.0 2.53125
b 0.0 -1.5 2.4
b -0.84 -1.5 2.4
b -1.5 -0.84 2.4
b -1.5 0.0 2.4
b -1.4 0.0 2.4
b -1.4 0.784 2.4
b -0.784 1.4 2.4
b 0.0 1.4 2.4
b -1.3375 0.0 2.53125
b -1.3375 0.749 2.53125
b -0.749 1.3375 2.53125
b 0.0 1.3375 2.53125
b -1.4375 0.0 2.53125
b -1.4375 0.805 2.53125
b -0.805 1.4375 2.53125
b 0.0 1.4375 2.53125
b -1.5 0.0 2.4
b -1.5 0.84 2.4
b -0.84 1.5 2.4
b 0.0 1.5 2.4
b 0.0 1.4 2.4
b 0.784 1.4 2.4
b 1.4 0.784 2.4
b 1.4 0.0 2.4
b 0.0 1.3375 2.53125
b 0.749 1.3375 2.53125
b 1.3375 0.749 2.53125
b 1.3375 0.0 2.53125
b 0.0 1.4375 2.53125
b 0.805 1.4375 2.53125
b 1.4375 0.805 2.53125
b 1.4375 0.0 2.53125
b 0.0 1.5 2.4
b 0.84 1.5 2.4
b 1.5 0.84 2.4
b 1.5 0.0 2.4
b 1.5 0.0 2.4
b 1.5 -0.84 2.4
b 0.84 -1.5 2.4
b 0.0 -1.5 2.4
b 1.75 0.0 1.875
b 1.75 -0.98 1.875
b 0.98 -1.75 1.875
b 0.0 -1.75 1.875
b 2.0 0.0 1.35
b 2.0 -1.12 1.35
b 1.12 -2.0 1.35
b 0.0 -2.0 1.35
b 2.0 0.0 0.9
b 2.0 -1.12 0.9
b 1.12 -2.0 0.9
b 0.0 -2.0 0.9
b 0.0 -1.5 2.4
b -0.84 -1.5 2.4
b -1.5 -0.84 2.4
b -1.5 0.0 2.4
b 0.0 -1.75 1.875
b -0.98 -1.75 1.875
b -1.75 -0.98 1.875
b -1.75 0.0 1.875
b 0.0 -2.0 1.35
b -1.12 -2.0 1.35
b -2.0 -1.12 1.35
b -2.0 0.0 1.35
b 0.0 -2.0 0.9
b -1.12 -2.0 0.9
b -2.0 -1.12 0.9
b -2.0 0.0 0.9
b -1.5 0.0 2.4
b -1.5 0.84 2.4
b -0.84 1.5 2.4
b 0.0 1.5 2.4
b -1.75 0.0 1.875
b -1.75 0.98 1.875
b -0.98 1.75 1.875
b 0.0 1.75 1.875
b -2.0 0.0 1.35
b -2.0 1.12 1.35
b -1.12 2.0 1.35
b 0.0 2.0 1.35
b -2.0 0.0 0.9
b -2.0 1.12 0.9
b -1.12 2.0 0.9
b 0.0 2.0 0.9
b 0.0 1.5 2.4
b 0.84 1.5 2.4
b 1.5 0.84 2.4
b 1.5 0.0 2.4
b 0.0 1.75 1.875
b 0.98 1.75 1.875
b 1.75 0.98 1.875
b 1.75 0.0 1.875
b 0.0 2.0 1.35
b 1.12 2.0 1.35
b 2.0 1.12 1.35
b 2.0 0.0 1.35
b 0.0 2.0 0.9
b 1.12 2.0 0.9
b 2.0 1.12 0.9
b 2.0 0.0 0.9
b 2.0 0.0 0.9
b 2.0 -1.12 0.9
b 1.12 -2.0 0.9
b 0.0 -2.0 0.9
b 2.0 0.0 0.45
b 2.0 -1.12 0.45
b 1.12 -2.0 0.45
b 0.0 -2.0 0.45
b 1.5 0.0 0.225
b 1.5 -0.84 0.225
b 0.84 -1.5 0.225
b 0.0 -1.5 0.225
b 1.5 0.0 0.15
b 1.5 -0.84 0.15
b 0.84 -1.5 0.15
b 0.0 -1.5 0.15
b 0.0 -2.0 0.9
b -1.12 -2.0 0.9
b -2.0 -1.12 0.9
b -2.0 0.0 0.9
b 0.0 -2.0 0.45
b -1.12 -2.0 0.45
b -2.0 -1.12 0.45
b -2.0 0.0 0.45
b 0.0 -1.5 0.225
b -0.84 -1.5 0.225
b -1.5 -0.84 0.225
b -1.5 0.0 0.225
b 0.0 -1.5 0.15
b -0.84 -1.5 0.15
b -1.5 -0.84 0.15
b -1.5 0.0 0.15
b -2.0 0.0 0.9
b -2.0 1.12 0.9
b -1.12 2.0 0.9
b 0.0 2.0 0.9
b -2.0 0.0 0.45
b -2.0 1.12 0.45
b -1.12 2.0 0.45
b 0.0 2.0 0.45
b -1.5 0.0 0.225
b -1.5 0.84 0.225
b -0.84 1.5 0.225
b 0.0 1.5 0.225
b -1.5 0.0 0.15
b -1.5 0.84 0.15
b -0.84 1.5 0.15
b 0.0 1.5 0.15
b 0.0 2.0 0.9
b 1.12 2.0 0.9
b 2.0 1.12 0.9
b 2.0 0.0 0.9
b 0.0 2.0 0.45
b 1.12 2.0 0.45
b 2.0 1.12 0.45
b 2.0 0.0 0.45
b 0.0 1.5 0.225
b 0.84 1.5 0.225
b 1.5 0.84 0.225
b 1.5 0.0 0.225
b 0.0 1.5 0.15
b 0.84 1.5 0.15
b 1.5 0.84 0.15
b 1.5 0.0 0.15
b -1.6 0.0 2.025
b -1.6 -0.3 2.025
b -1.5 -0.3 2.25
b -1.5 0.0 2.25
b -2.3 0.0 2.025
b -2.3 -0.3 2.025
b -2.5 -0.3 2.25
b -2.5 0.0 2.25
b -2.7 0.0 2.025
b -2.7 -0.3 2.025
b -3.0 -0.3 2.25
b -3.0 0.0 2.25
b -2.7 0.0 1.8
b -2.7 -0.3 1.8
b -3.0 -0.3 1.8
b -3.0 0.0 1.8
b -1.5 0.0 2.25
b -1.5 0.3 2.25
b -1.6 0.3 2.025
b -1.6 0.0 2.025
b -2.5 0.0 2.25
b -2.5 0.3 2.25
b -2.3 0.3 2.025
b -2.3 0.0 2.025
b -3.0 0.0 2.25
b -3.0 0.3 2.25
b -2.7 0.3 2.025
b -2.7 0.0 2.025
b -3.0 0.0 1.8
b -3.0 0.3 1.8
b -2.7 0.3 1.8
b -2.7 0.0 1.8
b -2.7 0.0 1.8
b -2.7 -0.3 1.8
b -3.0 -0.3 1.8
b -3.0 0.0 1.8
b -2.7 0.0 1.575
b -2.7 -0.3 1.575
b -3.0 -0.3 1.35
b -3.0 0.0 1.35
b -2.5 0.0 1.125
b -2.5 -0.3 1.125
b -2.65 -0.3 0.9375
b -2.65 0.0 0.9375
b -2.0 0.0 0.9
b -2.0 -0.3 0.9
b -1.9 -0.3 0.6
b -1.9 0.0 0.6
b -3.0 0.0 1.8
b -3.0 0.3 1.8
b -2.7 0.3 1.8
b -2.7 0.0 1.8
b -3.0 0.0 1.35
b -3.0 0.3 1.35
b -2.7 0.3 1.575
b -2.7 0.0 1.575
b -2.65 0.0 0.9375
b -2.65 0.3 0.9375
b -2.5 0.3 1.125
b -2.5 0.0 1.125
b -1.9 0.0 0.6
b -1.9 0.3 0.6
b -2.0 0.3 0.9
b -2.0 0.0 0.9
b 1.7 0.0 1.425
b 1.7 -0.66 1.425
b 1.7 -0.66 0.6
b 1.7 0.0 0.6
b 2.6 0.0 1.425
b 2.6 -0.66 1.425
b 3.1 -0.66 0.825
b 3.1 0.0 0.825
b 2.3 0.0 2.1
b 2.3 -0.25 2.1
b 2.4 -0.25 2.025
b 2.4 0.0 2.025
b 2.7 0.0 2.4
b 2.7 -0.25 2.4
b 3.3 -0.25 2.4
b 3.3 0.0 2.4
b 1.7 0.0 0.6
b 1.7 0.66 0.6
b 1.7 0.66 1.425
b 1.7 0.0 1.425
b 3.1 0.0 0.825
b 3.1 0.66 0.825
b 2.6 0.66 1.425
b 2.6 0.0 1.425
b 2.4 0.0 2.025
b 2.4 0.25 2.025
b 2.3 0.25 2.1
b 2.3 0.0 2.1
b 3.3 0.0 2.4
b 3.3 0.25 2.4
b 2.7 0.25 2.4
b 2.7 0.0 2.4
b 2.7 0.0 2.4
b 2.7 -0.25 2.4
b 3.3 -0.25 2.4
b 3.3 0.0 2.4
b 2.8 0.0 2.475
b 2.8 -0.25 2.475
b 3.525 -0.25 2.49375
b 3.525 0.0 2.49375
b 2.9 0.0 2.475
b 2.9 -0.15 2.475
b 3.45 -0.15 2.5125
b 3.45 0.0 2.5125
b 2.8 0.0 2.4
b 2.8 -0.15 2.4
b 3.2 -0.15 2.4
b 3.2 0.0 2.4
b 3.3 0.0 2.4
b 3.3 0.25 2.4
b 2.7 0.25 2.4
b 2.7 0.0 2.4
b 3.525 0.0 2.49375
b 3.525 0.25 2.49375
b 2.8 0.25 2.475
b 2.8 0.0 2.475
b 3.45 0.0 2.5125
b 3.45 0.15 2.5125
b 2.9 0.15 2.475
b 2.9 0.0 2.475
b 3.2 0.0 2.4
b 3.2 0.15 2.4
b 2.8 0.15 2.4
b 2.8 0.0 2.4
b 0.0 0.0 3.15
b 0.0 0.0 3.15
b 0.0 0.0 3.15
b 0.0 0.0 3.15
b 0.8 0.0 3.15
b 0.8 -0.45 3.15
b 0.45 -0.8 3.15
b 0.0 -0.8 3.15
b 0.0 0.0 2.85
b 0.0 0.0 2.85
b 0.0 0.0 2.85
b 0.0 0.0 2.85
b 0.2 0.0 2.7
b 0.2 -0.112 2.7
b 0.112 -0.2 2.7
b 0.0 -0.2 2.7
b 0.0 0.0 3.15
b 0.0 0.0 3.15
b 0.0 0.0 3.15
b 0.0 0.0 3.15
b 0.0 -0.8 3.15
b -0.45 -0.8 3.15
b -0.8 -0.45 3.15
b -0.8 0.0 3.15
b 0.0 0.0 2.85
b 0.0 0.0 2.85
b 0.0 0.0 2.85
b 0.0 0.0 2.85
b 0.0 -0.2 2.7
b -0.112 -0.2 2.7
b -0.2 -0.112 2.7
b -0.2 0.0 2.7
b 0.0 0.0 3.15
b 0.0 0.0 3.15
b 0.0 0.0 3.15
b 0.0 0.0 3.15
b -0.8 0.0 3.15
b -0.8 0.45 3.15
b -0.45 0.8 3.15
b 0.0 0.8 3.15
b 0.0 0.0 2.85
b 0.0 0.0 2.85
b 0.0 0.0 2.85
b 0.0 0.0 2.85
b -0.2 0.0 2.7
b -0.2 0.112 2.7
b -0.112 0.2 2.7
b 0.0 0.2 2.7
b 0.0 0.0 3.15
b 0.0 0.0 3.15
b 0.0 0.0 3.15
b 0.0 0.0 3.15
b 0.0 0.8 3.15
b 0.45 0.8 3.15
b 0.8 0.45 3.15
b 0.8 0.0 3.15
b 0.0 0.0 2.85
b 0.0 0.0 2.85
b 0.0 0.0 2.85
b 0.0 0.0 2.85
b 0.0 0.2 2.7
b 0.112 0.2 2.7
b 0.2 0.112 2.7
b 0.2 0.0 2.7
b 0.2 0.0 2.7
b 0.2 -0.112 2.7
b 0.112 -0.2 2.7
b 0.0 -0.2 2.7
b 0.4 0.0 2.55
b 0.4 -0.224 2.55
b 0.224 -0.4 2.55
b 0.0 -0.4 2.55
b 1.3 0.0 2.55
b 1.3 -0.728 2.55
b 0.728 -1.3 2.55
b 0.0 -1.3 2.55
b 1.3 0.0 2.4
b 1.3 -0.728 2.4
b 0.728 -1.3 2.4
b 0.0 -1.3 2.4
b 0.0 -0.2 2.7
b -0.112 -0.2 2.7
b -0.2 -0.112 2.7
b -0.2 0.0 2.7
b 0.0 -0.4 2.55
b -0.224 -0.4 2.55
b -0.4 -0.224 2.55
b -0.4 0.0 2.55
b 0.0 -1.3 2.55
b -0.728 -1.3 2.55
b -1.3 -0.728 2.55
b -1.3 0.0 2.55
b 0.0 -1.3 2.4
b -0.728 -1.3 2.4
b -1.3 -0.728 2.4
b -1.3 0.0 2.4
b -0.2 0.0 2.7
b -0.2 0.112 2.7
b -0.112 0.2 2.7
b 0.0 0.2 2.7
b -0.4 0.0 2.55
b -0.4 0.224 2.55
b -0.224 0.4 2.55
b 0.0 0.4 2.55
b -1.3 0.0 2.55
b -1.3 0.728 2.55
b -0.728 1.3 2.55
b 0.0 1.3 2.55
b -1.3 0.0 2.4
b -1.3 0.728 2.4
b -0.728 1.3 2.4
b 0.0 1.3 2.4
b 0.0 0.2 2.7
b 0.112 0.2 2.7
b 0.2 0.112 2.7
b 0.2 0.0 2.7
b 0.0 0.4 2.55
b 0.224 0.4 2.55
b 0.4 0.224 2.55
b 0.4 0.0 2.55
b 0.0 1.3 2.55
b 0.728 1.3 2.55
b 1.3 0.728 2.55
b 1.3 0.0 2.55
b 0.0 1.3 2.4
b 0.728 1.3 2.4
b 1.3 0.728 2.4
b 1.3 0.0 2.4
b 0.0 0.0 0.0
b 0.0 0.0 0.0
b 0.0 0.0 0.0
b 0.0 0.0 0.0
b 1.425 0.0 0.0
b 1.425 0.798 0.0
b 0.798 1.425 0.0
b 0.0 1.425 0.0
b 1.5 0.0 0.075
b 1.5 0.84 0.075
b 0.84 1.5 0.075
b 0.0 1.5 0.075
b 1.5 0.0 0.15
b 1.5 0.84 0.15
b 0.84 1.5 0.15
b 0.0 1.5 0.15
b 0.0 0.0 0.0
b 0.0 0.0 0.0
b 0.0 0.0 0.0
b 0.0 0.0 0.0
b 0.0 1.425 0.0
b -0.798 1.425 0.0
b -1.425 0.798 0.0
b -1.425 0.0 0.0
b 0.0 1.5 0.075
b -0.84 1.5 0.075
b -1.5 0.84 0.075
b -1.5 0.0 0.075
b 0.0 1.5 0.15
b -0.84 1.5 0.15
b -1.5 0.84 0.15
b -1.5 0.0 0.15
b 0.0 0.0 0.0
b 0.0 0.0 0.0
b 0.0 0.0 0.0
b 0.0 0.0 0.0
b -1.425 0.0 0.0
b -1.425 -0.798 0.0
b -0.798 -1.425 0.0
b 0.0 -1.425 0.0
b -1.5 0.0 0.075
b -1.5 -0.84 0.075
b -0.84 -1.5 0.075
b 0.0 -1.5 0.075
b -1.5 0.0 0.15
b -1.5 -0.84 0.15
b -0.84 -1.5 0.15
b 0.0 -1.5 0.15
b 0.0 0.0 0.0
b 0.0 0.0 0.0
b 0.0 0.0 0.0
b 0.0 0.0 0.0
b 0.0 -1.425 0.0
b 0.798 -1.425 0.0
b 1.425 -0.798 0.0
b 1.425 0.0 0.0
b 0.0 -1.5 0.075
b 0.84 -1.5 0.075
b 1.5 -0.84 0.075
b 1.5 0.0 0.075
b 0.0 -1.5 0.15
b 0.84 -1.5 0.15
b 1.5 -0.84 0.15
b 1.5 0.0 0.15
n 4
b 1     4     0
b 2     4     0
b 3     4     0
b 4     4     0
b 1     3     0
b 2     3     0
b 3     3     0
b 4     3     0
b 1     2     0
b 2     2     0
b 3     2     0
b 4     2     0
b 1     1     0
b 2     1     0
b 3     1     0
b 4     1     0
v 0 0 0
v 1 0 0
v 0 1 0
v 1 1 0
v 0.5 0.5 1
f 4 2 1
f 3 4 1
f 2 5 1
f 5 3 1
f 2 4 5
f 3 5 4